('Current working directory is:', '/home/cgmaras/Python/CameronRL')
('Current working directory is:', '/home/cgmaras/Python/CameronRL')
Started input gen...
Finished input gen...
/home/cgmaras/Python/CameronRL
('The files contained in Queue are: ', ['new_core1.inp'])
Submitted batch job 2919041
starting output read
test
Starting output...
while after
['new_core1.out']


new_core1.out
 EFPD     Boron(ppm)     Fdh           Fq
  0.0     1289.5         1.437         1.961
 13.0     1243.5         1.417         1.985
 25.9     1287.2          1.41         2.081
 51.9     1281.4         1.476         1.985
103.7     1101.2         1.411         1.651
155.6      886.4          1.39         1.621
207.4      672.1         1.367         1.575
259.3      464.6         1.348         1.551
311.2      266.1         1.329         1.526
363.0       75.9         1.311         1.498
381.6       10.0         1.304         1.488
 
 
-------------------------- Fdh ---------------------------
[[ 1.476  1.458  1.262  1.154  1.158  1.412  1.295  0.953]
 [ 1.458  1.451  1.389  1.17   1.257  1.134  1.127  0.919]
 [ 1.262  1.396  1.23   1.268  1.109  1.164  1.134    nan]
 [ 1.154  1.171  1.268  1.104  1.156  1.217  0.941    nan]
 [ 1.158  1.257  1.11   1.156  0.915  0.977    nan    nan]
 [ 1.412  1.134  1.164  1.217  0.978    nan    nan    nan]
 [ 1.295  1.127  1.135  0.941    nan    nan    nan    nan]
 [ 0.953  0.919    nan    nan    nan    nan    nan    nan]]
 
 
[  0.      0.5     1.      2.      4.      6.      8.     10.     12.     14.
  14.716]
[   0.    13.    25.9   51.9  103.7  155.6  207.4  259.3  311.2  363.
  381.6]
[ 1.852  1.781  2.023  1.911  1.593  1.563  1.518  1.495  1.47   1.444
  1.434]
[ 1.961  1.985  2.081  1.985  1.651  1.621  1.575  1.551  1.526  1.498
  1.488]
[ 1.437  1.417  1.41   1.476  1.411  1.39   1.367  1.348  1.329  1.311
  1.304]
[ 1289.5  1243.5  1287.2  1281.4  1101.2   886.4   672.1   464.6   266.1
    75.9    10. ]
after first set up
('Current working directory is:', '/home/cgmaras/Python/CameronRL')
('Current working directory is:', '/home/cgmaras/Python/CameronRL')
Started input gen...
Finished input gen...
/home/cgmaras/Python/CameronRL
('The files contained in Queue are: ', ['new_core1.inp'])
Submitted batch job 2919042
starting output read
test
Starting output...
while after
['new_core1.out']


new_core1.out
 EFPD     Boron(ppm)     Fdh           Fq
  0.0     1289.5         1.437         1.961
 13.0     1243.5         1.417         1.985
 25.9     1287.2          1.41         2.081
 51.9     1281.4         1.476         1.985
103.7     1101.2         1.411         1.651
155.6      886.4          1.39         1.621
207.4      672.1         1.367         1.575
259.3      464.6         1.348         1.551
311.2      266.1         1.329         1.526
363.0       75.9         1.311         1.498
381.6       10.0         1.304         1.488
 
 
-------------------------- Fdh ---------------------------
[[ 1.476  1.458  1.262  1.154  1.158  1.412  1.295  0.953]
 [ 1.458  1.451  1.389  1.17   1.257  1.134  1.127  0.919]
 [ 1.262  1.396  1.23   1.268  1.109  1.164  1.134    nan]
 [ 1.154  1.171  1.268  1.104  1.156  1.217  0.941    nan]
 [ 1.158  1.257  1.11   1.156  0.915  0.977    nan    nan]
 [ 1.412  1.134  1.164  1.217  0.978    nan    nan    nan]
 [ 1.295  1.127  1.135  0.941    nan    nan    nan    nan]
 [ 0.953  0.919    nan    nan    nan    nan    nan    nan]]
 
 
[  0.      0.5     1.      2.      4.      6.      8.     10.     12.     14.
  14.716]
[   0.    13.    25.9   51.9  103.7  155.6  207.4  259.3  311.2  363.
  381.6]
[ 1.852  1.781  2.023  1.911  1.593  1.563  1.518  1.495  1.47   1.444
  1.434]
[ 1.961  1.985  2.081  1.985  1.651  1.621  1.575  1.551  1.526  1.498
  1.488]
[ 1.437  1.417  1.41   1.476  1.411  1.39   1.367  1.348  1.329  1.311
  1.304]
[ 1289.5  1243.5  1287.2  1281.4  1101.2   886.4   672.1   464.6   266.1
    75.9    10. ]
('Current working directory is:', '/home/cgmaras/Python/CameronRL')
('Current working directory is:', '/home/cgmaras/Python/CameronRL')
Started input gen...
Finished input gen...
/home/cgmaras/Python/CameronRL
('The files contained in Queue are: ', ['new_core1.inp'])
Submitted batch job 2919043
starting output read
test
Starting output...
while after
['new_core1.out']


new_core1.out
 EFPD     Boron(ppm)     Fdh           Fq
  0.0     1298.4          1.41         1.926
 13.0     1252.2         1.409         2.005
 25.9     1292.0         1.516         2.216
 51.9     1281.4         1.489         1.938
103.7     1101.0         1.415         1.657
155.6      886.3         1.393         1.625
207.4      672.0         1.369         1.577
259.3      464.6         1.349         1.552
311.2      266.1          1.33         1.526
363.0       76.0         1.312         1.499
381.6       10.0         1.305         1.488
 
 
-------------------------- Fdh ---------------------------
[[ 1.516  1.481  1.271  1.169  1.146  1.396  1.215  0.895]
 [ 1.481  1.424  1.394  1.173  1.264  1.117  1.093  0.877]
 [ 1.271  1.402  1.22   1.236  1.109  1.194  1.158    nan]
 [ 1.169  1.174  1.237  1.075  1.177  1.273  0.985    nan]
 [ 1.146  1.265  1.11   1.177  0.946  1.031    nan    nan]
 [ 1.396  1.117  1.194  1.273  1.031    nan    nan    nan]
 [ 1.215  1.093  1.158  0.985    nan    nan    nan    nan]
 [ 0.895  0.877    nan    nan    nan    nan    nan    nan]]
 
 
[  0.      0.5     1.      2.      4.      6.      8.     10.     12.     14.
  14.716]
[   0.    13.    25.9   51.9  103.7  155.6  207.4  259.3  311.2  363.
  381.6]
[ 1.818  1.936  2.14   1.868  1.599  1.567  1.52   1.496  1.47   1.444
  1.435]
[ 1.926  2.005  2.216  1.938  1.657  1.625  1.577  1.552  1.526  1.499
  1.488]
[ 1.41   1.409  1.516  1.489  1.415  1.393  1.369  1.349  1.33   1.312
  1.305]
[ 1298.4  1252.2  1292.   1281.4  1101.    886.3   672.    464.6   266.1
    76.     10. ]
New state: (3, 2, 3, 4) , New Reward: -2.07956241956
1
('Current working directory is:', '/home/cgmaras/Python/CameronRL')
('Current working directory is:', '/home/cgmaras/Python/CameronRL')
Started input gen...
Finished input gen...
/home/cgmaras/Python/CameronRL
('The files contained in Queue are: ', ['new_core1.inp'])
Submitted batch job 2919044
starting output read
test
Starting output...
while after
['new_core1.out']


new_core1.out
 EFPD     Boron(ppm)     Fdh           Fq
  0.0     1328.0         1.939         2.637
 13.0     1287.7         2.061         2.902
 25.9     1327.7          2.14         3.003
 51.9     1306.4         1.899         2.375
103.7     1120.4           1.6         1.835
155.6      904.8         1.468         1.669
207.4      689.5         1.393         1.589
259.3      481.2         1.349         1.553
311.2      281.8         1.331         1.528
363.0       90.9         1.313         1.501
385.7       10.0         1.305         1.489
 
 
-------------------------- Fdh ---------------------------
[[ 2.005  2.14   1.53   1.253  1.123  1.318  1.114  0.809]
 [ 2.14   1.85   1.649  1.244  1.24   1.047  1.001  0.794]
 [ 1.53   1.639  1.341  1.298  1.071  1.118  1.068    nan]
 [ 1.253  1.242  1.296  1.054  1.118  1.194  0.911    nan]
 [ 1.123  1.239  1.07   1.118  0.885  0.96     nan    nan]
 [ 1.318  1.047  1.118  1.193  0.96     nan    nan    nan]
 [ 1.114  1.001  1.068  0.911    nan    nan    nan    nan]
 [ 0.809  0.794    nan    nan    nan    nan    nan    nan]]
 
 
[  0.      0.5     1.      2.      4.      6.      8.     10.     12.     14.
  14.874]
[   0.    13.    25.9   51.9  103.7  155.6  207.4  259.3  311.2  363.
  385.7]
[ 2.526  2.795  2.911  2.308  1.788  1.627  1.546  1.497  1.472  1.447
  1.436]
[ 2.637  2.902  3.003  2.375  1.835  1.669  1.589  1.553  1.528  1.501
  1.489]
[ 1.939  2.061  2.14   1.899  1.6    1.468  1.393  1.349  1.331  1.313
  1.305]
[ 1328.   1287.7  1327.7  1306.4  1120.4   904.8   689.5   481.2   281.8
    90.9    10. ]
New state: (3, 5, 3, 4) , New Reward: -2.87594594595
2
('Current working directory is:', '/home/cgmaras/Python/CameronRL')
('Current working directory is:', '/home/cgmaras/Python/CameronRL')
Started input gen...
Finished input gen...
/home/cgmaras/Python/CameronRL
('The files contained in Queue are: ', ['new_core1.inp'])
Submitted batch job 2919045
starting output read
test
Starting output...
while after
['new_core1.out']


new_core1.out
 EFPD     Boron(ppm)     Fdh           Fq
  0.0     1348.4         2.259         3.092
 13.0     1312.1         2.397         3.393
 25.9     1349.2         2.429         3.371
 51.9     1320.0         2.065         2.549
103.7     1131.4         1.679         1.901
155.6      915.1         1.518          1.71
207.4      699.3         1.426         1.618
259.3      490.4         1.365         1.555
311.2      290.6         1.331          1.53
363.0       99.3         1.313         1.503
388.0       10.0         1.305          1.49
 
 
-------------------------- Fdh ---------------------------
[[ 2.283  2.429  1.676  1.301  1.111  1.273  1.056  0.761]
 [ 2.429  2.086  1.79   1.283  1.225  1.006  0.95   0.748]
 [ 1.676  1.79   1.408  1.33   1.048  1.075  1.017    nan]
 [ 1.301  1.283  1.33   1.041  1.084  1.148  0.87     nan]
 [ 1.111  1.225  1.048  1.084  0.85   0.92     nan    nan]
 [ 1.273  1.007  1.075  1.148  0.92     nan    nan    nan]
 [ 1.056  0.95   1.017  0.87     nan    nan    nan    nan]
 [ 0.761  0.748    nan    nan    nan    nan    nan    nan]]
 
 
[  0.      0.5     1.      2.      4.      6.      8.     10.     12.     14.
  14.964]
[   0.    13.    25.9   51.9  103.7  155.6  207.4  259.3  311.2  363.   388. ]
[ 2.924  3.241  3.231  2.442  1.823  1.641  1.553  1.498  1.474  1.449
  1.436]
[ 3.092  3.393  3.371  2.549  1.901  1.71   1.618  1.555  1.53   1.503
  1.49 ]
[ 2.259  2.397  2.429  2.065  1.679  1.518  1.426  1.365  1.331  1.313
  1.305]
[ 1348.4  1312.1  1349.2  1320.   1131.4   915.1   699.3   490.4   290.6
    99.3    10. ]
New state: (3, 5, 5, 4) , New Reward: -3.25693050193
3
('Current working directory is:', '/home/cgmaras/Python/CameronRL')
('Current working directory is:', '/home/cgmaras/Python/CameronRL')
Started input gen...
Finished input gen...
/home/cgmaras/Python/CameronRL
('The files contained in Queue are: ', ['new_core1.inp'])
Submitted batch job 2919046
starting output read
test
Starting output...
while after
['new_core1.out']


new_core1.out
 EFPD     Boron(ppm)     Fdh           Fq
  0.0     1425.2          3.09         4.164
 13.0     1353.0         2.813         3.782
 25.9     1355.3          2.49         3.277
 51.9     1317.5           2.0         2.461
103.7     1130.6         1.621         1.817
155.6      914.6         1.479         1.656
207.4      699.2         1.401         1.584
259.3      490.6         1.352         1.558
311.2      290.8         1.333         1.531
363.0       99.5         1.315         1.504
388.1       10.0         1.306         1.491
 
 
-------------------------- Fdh ---------------------------
[[ 2.895  3.09   1.986  1.428  1.088  1.16   0.905  0.65 ]
 [ 3.09   2.63   2.166  1.372  1.219  0.913  0.845  0.648]
 [ 1.986  2.166  1.576  1.353  0.974  1.013  0.95     nan]
 [ 1.428  1.372  1.353  0.936  1.007  1.103  0.838    nan]
 [ 1.088  1.219  0.974  1.007  0.801  0.89     nan    nan]
 [ 1.16   0.913  1.013  1.103  0.89     nan    nan    nan]
 [ 0.905  0.845  0.95   0.838    nan    nan    nan    nan]
 [ 0.65   0.648    nan    nan    nan    nan    nan    nan]]
 
 
[  0.      0.5     1.      2.      4.      6.      8.     10.     12.     14.
  14.966]
[   0.    13.    25.9   51.9  103.7  155.6  207.4  259.3  311.2  363.
  388.1]
[ 3.982  3.624  3.142  2.364  1.744  1.591  1.522  1.5    1.475  1.45
  1.437]
[ 4.164  3.782  3.277  2.461  1.817  1.656  1.584  1.558  1.531  1.504
  1.491]
[ 3.09   2.813  2.49   2.     1.621  1.479  1.401  1.352  1.333  1.315
  1.306]
[ 1425.2  1353.   1355.3  1317.5  1130.6   914.6   699.2   490.6   290.8
    99.5    10. ]
New state: (3, 5, 5, 3) , New Reward: -4.07069498069
4
('Current working directory is:', '/home/cgmaras/Python/CameronRL')
('Current working directory is:', '/home/cgmaras/Python/CameronRL')
Started input gen...
Finished input gen...
/home/cgmaras/Python/CameronRL
('The files contained in Queue are: ', ['new_core1.inp'])
Submitted batch job 2919047
starting output read
test
Starting output...
while after
['new_core1.out']


new_core1.out
 EFPD     Boron(ppm)     Fdh           Fq
  0.0     1354.4         2.099         2.843
 13.0     1308.0         2.198         3.063
 25.9     1334.7         2.182         2.987
 51.9     1305.9         1.876         2.329
103.7     1120.1         1.576         1.795
155.6      904.5         1.451         1.646
207.4      689.5         1.382          1.58
259.3      481.2          1.35         1.554
311.2      281.9         1.332         1.529
363.0       91.0         1.314         1.502
385.7       10.0         1.306          1.49
 
 
-------------------------- Fdh ---------------------------
[[ 2.052  2.198  1.578  1.279  1.12   1.284  1.058  0.774]
 [ 2.198  1.949  1.704  1.257  1.238  1.02   0.971  0.768]
 [ 1.578  1.728  1.37   1.283  1.05   1.126  1.076    nan]
 [ 1.279  1.262  1.286  1.006  1.113  1.219  0.939    nan]
 [ 1.12   1.239  1.051  1.114  0.897  0.992    nan    nan]
 [ 1.284  1.021  1.126  1.219  0.992    nan    nan    nan]
 [ 1.058  0.972  1.076  0.94     nan    nan    nan    nan]
 [ 0.774  0.768    nan    nan    nan    nan    nan    nan]]
 
 
[  0.      0.5     1.      2.      4.      6.      8.     10.     12.     14.
  14.875]
[   0.    13.    25.9   51.9  103.7  155.6  207.4  259.3  311.2  363.
  385.7]
[ 2.767  2.971  2.898  2.265  1.75   1.604  1.529  1.498  1.473  1.448
  1.436]
[ 2.843  3.063  2.987  2.329  1.795  1.646  1.58   1.554  1.529  1.502
  1.49 ]
[ 2.099  2.198  2.182  1.876  1.576  1.451  1.382  1.35   1.332  1.314
  1.306]
[ 1354.4  1308.   1334.7  1305.9  1120.1   904.5   689.5   481.2   281.9
    91.     10. ]
New state: (3, 4, 5, 3) , New Reward: -2.94370656371
5
1
Best State
(3, 2, 3, 4)
()
('Current working directory is:', '/home/cgmaras/Python/CameronRL')
('Current working directory is:', '/home/cgmaras/Python/CameronRL')
Started input gen...
Finished input gen...
/home/cgmaras/Python/CameronRL
('The files contained in Queue are: ', ['new_core1.inp'])
Submitted batch job 2919048
starting output read
test
Starting output...
while after
['new_core1.out']


new_core1.out
 EFPD     Boron(ppm)     Fdh           Fq
  0.0     1289.5         1.437         1.961
 13.0     1243.5         1.417         1.985
 25.9     1287.2          1.41         2.081
 51.9     1281.4         1.476         1.985
103.7     1101.2         1.411         1.651
155.6      886.4          1.39         1.621
207.4      672.1         1.367         1.575
259.3      464.6         1.348         1.551
311.2      266.1         1.329         1.526
363.0       75.9         1.311         1.498
381.6       10.0         1.304         1.488
 
 
-------------------------- Fdh ---------------------------
[[ 1.476  1.458  1.262  1.154  1.158  1.412  1.295  0.953]
 [ 1.458  1.451  1.389  1.17   1.257  1.134  1.127  0.919]
 [ 1.262  1.396  1.23   1.268  1.109  1.164  1.134    nan]
 [ 1.154  1.171  1.268  1.104  1.156  1.217  0.941    nan]
 [ 1.158  1.257  1.11   1.156  0.915  0.977    nan    nan]
 [ 1.412  1.134  1.164  1.217  0.978    nan    nan    nan]
 [ 1.295  1.127  1.135  0.941    nan    nan    nan    nan]
 [ 0.953  0.919    nan    nan    nan    nan    nan    nan]]
 
 
[  0.      0.5     1.      2.      4.      6.      8.     10.     12.     14.
  14.716]
[   0.    13.    25.9   51.9  103.7  155.6  207.4  259.3  311.2  363.
  381.6]
[ 1.852  1.781  2.023  1.911  1.593  1.563  1.518  1.495  1.47   1.444
  1.434]
[ 1.961  1.985  2.081  1.985  1.651  1.621  1.575  1.551  1.526  1.498
  1.488]
[ 1.437  1.417  1.41   1.476  1.411  1.39   1.367  1.348  1.329  1.311
  1.304]
[ 1289.5  1243.5  1287.2  1281.4  1101.2   886.4   672.1   464.6   266.1
    75.9    10. ]
('Current working directory is:', '/home/cgmaras/Python/CameronRL')
('Current working directory is:', '/home/cgmaras/Python/CameronRL')
Started input gen...
Finished input gen...
/home/cgmaras/Python/CameronRL
('The files contained in Queue are: ', ['new_core1.inp'])
Submitted batch job 2919049
starting output read
test
Starting output...
while after
['new_core1.out']


new_core1.out
 EFPD     Boron(ppm)     Fdh           Fq
  0.0     1275.5         1.477         2.011
 13.0     1229.1          1.45         2.027
 25.9     1273.6         1.442         2.078
 51.9     1278.6         1.458         2.048
103.7     1101.7         1.438         1.687
155.6      886.8         1.384         1.613
207.4      672.2         1.364         1.571
259.3      464.6         1.345         1.549
311.1      266.1         1.327         1.524
363.0       75.9          1.31         1.497
381.5       10.0         1.303         1.487
 
 
-------------------------- Fdh ---------------------------
[[ 0.797  0.943  1.03   1.113  1.168  1.44   1.25   0.945]
 [ 0.943  1.024  1.157  1.116  1.327  1.191  1.178  0.943]
 [ 1.03   1.155  1.015  1.171  1.205  1.348  1.325    nan]
 [ 1.113  1.116  1.171  1.126  1.328  1.477  1.177    nan]
 [ 1.168  1.327  1.205  1.328  1.089  1.235    nan    nan]
 [ 1.44   1.191  1.348  1.477  1.235    nan    nan    nan]
 [ 1.25   1.178  1.325  1.177    nan    nan    nan    nan]
 [ 0.945  0.943    nan    nan    nan    nan    nan    nan]]
 
 
[  0.      0.5     1.      2.      4.      6.      8.     10.     12.     14.
  14.715]
[   0.    13.    25.9   51.9  103.7  155.6  207.4  259.3  311.1  363.
  381.5]
[ 1.906  1.828  1.952  1.972  1.621  1.556  1.515  1.492  1.468  1.443
  1.434]
[ 2.011  2.027  2.078  2.048  1.687  1.613  1.571  1.549  1.524  1.497
  1.487]
[ 1.477  1.45   1.442  1.458  1.438  1.384  1.364  1.345  1.327  1.31
  1.303]
[ 1275.5  1229.1  1273.6  1278.6  1101.7   886.8   672.2   464.6   266.1
    75.9    10. ]
New state: (4, 2, 4, 4) , New Reward: 1278.6
1
('Current working directory is:', '/home/cgmaras/Python/CameronRL')
('Current working directory is:', '/home/cgmaras/Python/CameronRL')
Started input gen...
Finished input gen...
/home/cgmaras/Python/CameronRL
('The files contained in Queue are: ', ['new_core1.inp'])
Submitted batch job 2919050
starting output read
test
Starting output...
while after
['new_core1.out']


new_core1.out
 EFPD     Boron(ppm)     Fdh           Fq
  0.0     1288.2         1.444          1.97
 13.0     1237.3         1.432         2.001
 25.9     1270.9         1.446         2.069
 51.9     1260.8         1.453          1.92
103.7     1082.9         1.433         1.673
155.6      869.6         1.401         1.631
207.4      656.5         1.374         1.581
259.3      449.9         1.352         1.554
311.2      252.4         1.331         1.526
363.0       63.0         1.311         1.497
378.0       10.0         1.306         1.489
 
 
-------------------------- Fdh ---------------------------
[[ 1.269  1.249  1.143  1.123  1.186  1.453  1.347  0.996]
 [ 1.249  1.159  1.275  1.143  1.285  1.169  1.172  0.96 ]
 [ 1.143  1.277  1.16   1.248  1.128  1.201  1.178    nan]
 [ 1.123  1.144  1.248  1.113  1.185  1.255  0.977    nan]
 [ 1.186  1.286  1.129  1.185  0.945  1.012    nan    nan]
 [ 1.453  1.169  1.201  1.255  1.012    nan    nan    nan]
 [ 1.347  1.172  1.178  0.977    nan    nan    nan    nan]
 [ 0.996  0.96     nan    nan    nan    nan    nan    nan]]
 
 
[  0.      0.5     1.      2.      4.      6.      8.     10.     12.     14.
  14.578]
[   0.    13.    25.9   51.9  103.7  155.6  207.4  259.3  311.2  363.   378. ]
[ 1.86   1.801  1.944  1.86   1.614  1.573  1.524  1.498  1.47   1.443
  1.435]
[ 1.97   2.001  2.069  1.92   1.673  1.631  1.581  1.554  1.526  1.497
  1.489]
[ 1.444  1.432  1.446  1.453  1.433  1.401  1.374  1.352  1.331  1.311
  1.306]
[ 1288.2  1237.3  1270.9  1260.8  1082.9   869.6   656.5   449.9   252.4
    63.     10. ]
New state: (4, 2, 4, 2) , New Reward: 1288.2
2
('Current working directory is:', '/home/cgmaras/Python/CameronRL')
('Current working directory is:', '/home/cgmaras/Python/CameronRL')
Started input gen...
Finished input gen...
/home/cgmaras/Python/CameronRL
('The files contained in Queue are: ', ['new_core1.inp'])
Submitted batch job 2919051
starting output read
test
Starting output...
while after
['new_core1.out']


new_core1.out
 EFPD     Boron(ppm)     Fdh           Fq
  0.0     1275.5         1.477         2.011
 13.0     1229.1          1.45         2.027
 25.9     1273.6         1.442         2.078
 51.9     1278.6         1.458         2.048
103.7     1101.7         1.438         1.687
155.6      886.8         1.384         1.613
207.4      672.2         1.364         1.571
259.3      464.6         1.345         1.549
311.1      266.1         1.327         1.524
363.0       75.9          1.31         1.497
381.5       10.0         1.303         1.487
 
 
-------------------------- Fdh ---------------------------
[[ 0.797  0.943  1.03   1.113  1.168  1.44   1.25   0.945]
 [ 0.943  1.024  1.157  1.116  1.327  1.191  1.178  0.943]
 [ 1.03   1.155  1.015  1.171  1.205  1.348  1.325    nan]
 [ 1.113  1.116  1.171  1.126  1.328  1.477  1.177    nan]
 [ 1.168  1.327  1.205  1.328  1.089  1.235    nan    nan]
 [ 1.44   1.191  1.348  1.477  1.235    nan    nan    nan]
 [ 1.25   1.178  1.325  1.177    nan    nan    nan    nan]
 [ 0.945  0.943    nan    nan    nan    nan    nan    nan]]
 
 
[  0.      0.5     1.      2.      4.      6.      8.     10.     12.     14.
  14.715]
[   0.    13.    25.9   51.9  103.7  155.6  207.4  259.3  311.1  363.
  381.5]
[ 1.906  1.828  1.952  1.972  1.621  1.556  1.515  1.492  1.468  1.443
  1.434]
[ 2.011  2.027  2.078  2.048  1.687  1.613  1.571  1.549  1.524  1.497
  1.487]
[ 1.477  1.45   1.442  1.458  1.438  1.384  1.364  1.345  1.327  1.31
  1.303]
[ 1275.5  1229.1  1273.6  1278.6  1101.7   886.8   672.2   464.6   266.1
    75.9    10. ]
New state: (4, 2, 4, 4) , New Reward: 1278.6
3
('Current working directory is:', '/home/cgmaras/Python/CameronRL')
('Current working directory is:', '/home/cgmaras/Python/CameronRL')
Started input gen...
Finished input gen...
/home/cgmaras/Python/CameronRL
('The files contained in Queue are: ', ['new_core1.inp'])
Submitted batch job 2919052
starting output read
test
Starting output...
while after
['new_core1.out']


new_core1.out
 EFPD     Boron(ppm)     Fdh           Fq
  0.0     1288.2         1.444          1.97
 13.0     1237.3         1.432         2.001
 25.9     1270.9         1.446         2.069
 51.9     1260.8         1.453          1.92
103.7     1082.9         1.433         1.673
155.6      869.6         1.401         1.631
207.4      656.5         1.374         1.581
259.3      449.9         1.352         1.554
311.2      252.4         1.331         1.526
363.0       63.0         1.311         1.497
378.0       10.0         1.306         1.489
 
 
-------------------------- Fdh ---------------------------
[[ 1.269  1.249  1.143  1.123  1.186  1.453  1.347  0.996]
 [ 1.249  1.159  1.275  1.143  1.285  1.169  1.172  0.96 ]
 [ 1.143  1.277  1.16   1.248  1.128  1.201  1.178    nan]
 [ 1.123  1.144  1.248  1.113  1.185  1.255  0.977    nan]
 [ 1.186  1.286  1.129  1.185  0.945  1.012    nan    nan]
 [ 1.453  1.169  1.201  1.255  1.012    nan    nan    nan]
 [ 1.347  1.172  1.178  0.977    nan    nan    nan    nan]
 [ 0.996  0.96     nan    nan    nan    nan    nan    nan]]
 
 
[  0.      0.5     1.      2.      4.      6.      8.     10.     12.     14.
  14.578]
[   0.    13.    25.9   51.9  103.7  155.6  207.4  259.3  311.2  363.   378. ]
[ 1.86   1.801  1.944  1.86   1.614  1.573  1.524  1.498  1.47   1.443
  1.435]
[ 1.97   2.001  2.069  1.92   1.673  1.631  1.581  1.554  1.526  1.497
  1.489]
[ 1.444  1.432  1.446  1.453  1.433  1.401  1.374  1.352  1.331  1.311
  1.306]
[ 1288.2  1237.3  1270.9  1260.8  1082.9   869.6   656.5   449.9   252.4
    63.     10. ]
New state: (4, 2, 4, 2) , New Reward: 1288.2
4
('Current working directory is:', '/home/cgmaras/Python/CameronRL')
('Current working directory is:', '/home/cgmaras/Python/CameronRL')
Started input gen...
Finished input gen...
/home/cgmaras/Python/CameronRL
('The files contained in Queue are: ', ['new_core1.inp'])
Submitted batch job 2919053
starting output read
test
Starting output...
while after
['new_core1.out']


new_core1.out
 EFPD     Boron(ppm)     Fdh           Fq
  0.0     1275.5         1.477         2.011
 13.0     1229.1          1.45         2.027
 25.9     1273.6         1.442         2.078
 51.9     1278.6         1.458         2.048
103.7     1101.7         1.438         1.687
155.6      886.8         1.384         1.613
207.4      672.2         1.364         1.571
259.3      464.6         1.345         1.549
311.1      266.1         1.327         1.524
363.0       75.9          1.31         1.497
381.5       10.0         1.303         1.487
 
 
-------------------------- Fdh ---------------------------
[[ 0.797  0.943  1.03   1.113  1.168  1.44   1.25   0.945]
 [ 0.943  1.024  1.157  1.116  1.327  1.191  1.178  0.943]
 [ 1.03   1.155  1.015  1.171  1.205  1.348  1.325    nan]
 [ 1.113  1.116  1.171  1.126  1.328  1.477  1.177    nan]
 [ 1.168  1.327  1.205  1.328  1.089  1.235    nan    nan]
 [ 1.44   1.191  1.348  1.477  1.235    nan    nan    nan]
 [ 1.25   1.178  1.325  1.177    nan    nan    nan    nan]
 [ 0.945  0.943    nan    nan    nan    nan    nan    nan]]
 
 
[  0.      0.5     1.      2.      4.      6.      8.     10.     12.     14.
  14.715]
[   0.    13.    25.9   51.9  103.7  155.6  207.4  259.3  311.1  363.
  381.5]
[ 1.906  1.828  1.952  1.972  1.621  1.556  1.515  1.492  1.468  1.443
  1.434]
[ 2.011  2.027  2.078  2.048  1.687  1.613  1.571  1.549  1.524  1.497
  1.487]
[ 1.477  1.45   1.442  1.458  1.438  1.384  1.364  1.345  1.327  1.31
  1.303]
[ 1275.5  1229.1  1273.6  1278.6  1101.7   886.8   672.2   464.6   266.1
    75.9    10. ]
New state: (4, 2, 4, 4) , New Reward: 1278.6
5
2
Best State
(4, 2, 4, 2)
()
RL Optimized: 
 Reward --> mean: 1288.2 , standard deviation: 0.0
